1068 39.021 97.82 375.9
1067 25.004 97.836 376.01
1066 11.019 97.833 376.14
1065 -2.998 97.819 376.23
1072 32.013 85.713 375.91
1071 18.018 85.716 376.04
1070 4.018 85.698 376.16
1069 -9.987 85.702 376.25
1012 100.373 259.847 375.96
1011 86.349 259.844 376.1
1010 72.38 259.848 376.24
1009 135.367 271.962 375.65
1016 65.362 247.723 376.23
1015 142.36 259.849 375.5
1014 128.346 259.848 375.7
1013 114.357 259.839 375.82
1036 128.345 211.358 375.48
1035 114.359 211.353 375.6
1034 100.364 211.338 375.75
1033 86.362 211.341 375.88
1040 32.013 158.442 376.14
1039 18.022 158.439 376.26
1038 4.006 158.456 376.41
1037 -9.99 156.59 376.351
1044 25.002 146.32 376.14
1043 11.022 146.311 376.31
1042 -2.985 146.316 376.42
1041 -17.013 146.309 376.59
1048 4.005 134.206 376.3
1047 -9.983 134.185 376.42
1046 -23.966 134.201 376.57
1045 39.014 146.304 376.04
34 -54.527 237.518 377.123
33 -40.489 235.17 376.961
32 -23.802 222.353 376.872
31 -23.62 201.546 376.805
38 -50.676 264.546 377.1
37 -60.057 263.676 377.18
36 -70.075 259.402 377.266
35 -64.851 250.813 377.239
14 -78.698 258.431 377.291
13 -88.512 266.021 377.309
12 -95.365 270.188 377.285
11 -149.785 265.814 377.011
18 -148.33 220.271 377.214
17 -93.346 242.279 377.27
16 -102.325 244.088 377.258
15 -86.94 248.452 377.339
94 -46.554 287.469 377.115
93 -2.515 292.841 376.892
92 173.425 193.595 375.032
91 326.141 203.608 373.945
98 84.88 519.141 376.314
97 50.127 536.159 376.181
96 -33.705 351.048 376.976
95 -56.141 295.922 377.156
84 -78.731 297.259 377.196
83 -69.771 294.031 377.192
82 -128.046 350.494 376.57
81 -160.465 573.207 374.773
88 -263.547 389.274 375.322
87 -395.452 371.152 374.515
86 -100.172 288.896 377.157
85 -103.941 300.914 377.05
44 -45.54 273.245 377.066
43 -70.885 278.818 377.252
42 -60.058 271.905 377.204
41 -67.99 271.103 377.236
48 -14.9 273.87 376.91
27 -76.988 272.637 377.298
46 -22.659 263.694 376.948
45 -53.156 276.268 377.09
64 -79.541 238.128 377.27
63 -81.845 229.337 377.27
62 -98.53 230.162 377.26
61 -105.281 217.18 377.255
68 -50.691 221.885 377.078
67 -62.567 228.987 377.21
66 -71.017 235.929 377.239
65 -75.12 247.002 377.255
24 -92.889 281.358 377.254
23 -123.667 284.854 377.05
22 -139.867 275.498 377.018
21 -132.939 282.611 377.002
28 -176.006 289.903 376.623
47 -55.097 284.285 377.181
26 -83.476 277.563 377.3
25 -77.835 282.839 377.253
1004 128.34 284.104 375.77
1003 114.346 284.092 375.91
1002 100.347 284.097 376.18
1001 86.373 284.121 376.25
1008 121.355 271.991 375.83
1007 107.365 271.957 375.95
1006 93.339 271.976 376.07
1005 79.369 271.986 376.24
1020 135.353 247.721 375.59
1019 121.369 247.744 375.72
1018 93.355 247.743 375.94
1017 79.366 247.742 376.08
1024 100.367 235.616 375.85
1023 86.344 235.606 375.97
1022 72.363 235.61 376.09
1021 149.358 247.731 375.41
1028 79.374 223.474 375.99
1027 142.34 235.586 375.44
1026 128.349 235.61 375.56
1025 114.335 235.598 375.74
1032 135.352 223.486 375.48
1031 121.372 223.488 375.57
1030 107.357 223.462 375.77
1029 93.343 223.488 375.87
1052 -30.991 122.075 376.6
1051 46.016 134.221 375.92
1050 32.009 134.184 376.05
1049 17.99 134.182 376.15
1056 39.014 122.09 375.95
1055 25.015 122.055 376.09
1054 -2.972 122.058 376.32
1053 -16.989 122.07 376.46
1060 3.996 109.951 376.22
1059 -9.98 109.944 376.33
1058 -23.994 109.937 376.49
1057 53.019 122.052 375.81
1064 -16.987 97.81 376.36
1063 46.022 109.949 375.81
1062 32.024 109.944 375.96
1061 18.025 109.959 376.07
