1.068000000000000000e+03 3.902100000000000080e+01 9.781999999999999318e+01 3.758999999999999773e+02
1.067000000000000000e+03 2.500400000000000134e+01 9.783599999999999852e+01 3.760099999999999909e+02
1.066000000000000000e+03 1.101900000000000013e+01 9.783299999999999841e+01 3.761399999999999864e+02
1.065000000000000000e+03 -2.998000000000000220e+00 9.781900000000000261e+01 3.762300000000000182e+02
1.072000000000000000e+03 3.201299999999999812e+01 8.571299999999999386e+01 3.759100000000000250e+02
1.071000000000000000e+03 1.801800000000000068e+01 8.571599999999999397e+01 3.760400000000000205e+02
1.070000000000000000e+03 4.017999999999999794e+00 8.569799999999999329e+01 3.761600000000000250e+02
1.069000000000000000e+03 -9.987000000000000099e+00 8.570199999999999818e+01 3.762500000000000000e+02
1.016000000000000000e+03 6.536199999999999477e+01 2.477230000000000132e+02 3.762300000000000182e+02
1.036000000000000000e+03 1.283449999999999989e+02 2.113580000000000041e+02 3.754800000000000182e+02
1.035000000000000000e+03 1.143589999999999947e+02 2.113530000000000086e+02 3.756000000000000227e+02
1.034000000000000000e+03 1.003640000000000043e+02 2.113379999999999939e+02 3.757500000000000000e+02
1.033000000000000000e+03 8.636199999999999477e+01 2.113410000000000082e+02 3.758799999999999955e+02
1.040000000000000000e+03 3.201299999999999812e+01 1.584420000000000073e+02 3.761399999999999864e+02
1.039000000000000000e+03 1.802199999999999847e+01 1.584389999999999930e+02 3.762599999999999909e+02
1.038000000000000000e+03 4.006000000000000227e+00 1.584559999999999889e+02 3.764100000000000250e+02
1.037000000000000000e+03 -9.990000000000000213e+00 1.565900000000000034e+02 3.763509999999999991e+02
1.044000000000000000e+03 2.500199999999999889e+01 1.463199999999999932e+02 3.761399999999999864e+02
1.043000000000000000e+03 1.102200000000000024e+01 1.463110000000000070e+02 3.763100000000000023e+02
1.042000000000000000e+03 -2.984999999999999876e+00 1.463160000000000025e+02 3.764200000000000159e+02
1.041000000000000000e+03 -1.701300000000000168e+01 1.463089999999999975e+02 3.765899999999999750e+02
1.048000000000000000e+03 4.004999999999999893e+00 1.342059999999999889e+02 3.763000000000000114e+02
1.047000000000000000e+03 -9.983000000000000540e+00 1.341850000000000023e+02 3.764200000000000159e+02
1.046000000000000000e+03 -2.396600000000000108e+01 1.342009999999999934e+02 3.765699999999999932e+02
1.045000000000000000e+03 3.901400000000000290e+01 1.463040000000000020e+02 3.760400000000000205e+02
3.400000000000000000e+01 -5.452700000000000102e+01 2.375180000000000007e+02 3.771229999999999905e+02
3.300000000000000000e+01 -4.048899999999999721e+01 2.351699999999999875e+02 3.769610000000000127e+02
3.200000000000000000e+01 -2.380199999999999960e+01 2.223530000000000086e+02 3.768720000000000141e+02
3.100000000000000000e+01 -2.362000000000000099e+01 2.015459999999999923e+02 3.768050000000000068e+02
3.500000000000000000e+01 -6.485099999999999909e+01 2.508129999999999882e+02 3.772389999999999759e+02
1.700000000000000000e+01 -9.334600000000000364e+01 2.422789999999999964e+02 3.772699999999999818e+02
1.500000000000000000e+01 -8.693999999999999773e+01 2.484519999999999982e+02 3.773389999999999986e+02
9.200000000000000000e+01 1.734250000000000114e+02 1.935949999999999989e+02 3.750319999999999823e+02
6.400000000000000000e+01 -7.954099999999999682e+01 2.381279999999999859e+02 3.772699999999999818e+02
6.300000000000000000e+01 -8.184499999999999886e+01 2.293369999999999891e+02 3.772699999999999818e+02
6.200000000000000000e+01 -9.853000000000000114e+01 2.301620000000000061e+02 3.772599999999999909e+02
6.100000000000000000e+01 -1.052810000000000059e+02 2.171800000000000068e+02 3.772549999999999955e+02
6.800000000000000000e+01 -5.069100000000000250e+01 2.218849999999999909e+02 3.770779999999999745e+02
6.700000000000000000e+01 -6.256700000000000017e+01 2.289869999999999948e+02 3.772099999999999795e+02
6.600000000000000000e+01 -7.101699999999999591e+01 2.359290000000000020e+02 3.772389999999999759e+02
6.500000000000000000e+01 -7.512000000000000455e+01 2.470020000000000095e+02 3.772549999999999955e+02
1.017000000000000000e+03 7.936599999999999966e+01 2.477419999999999902e+02 3.760799999999999841e+02
1.024000000000000000e+03 1.003670000000000044e+02 2.356160000000000139e+02 3.758500000000000227e+02
1.023000000000000000e+03 8.634399999999999409e+01 2.356059999999999945e+02 3.759700000000000273e+02
1.022000000000000000e+03 7.236299999999999955e+01 2.356100000000000136e+02 3.760899999999999750e+02
1.028000000000000000e+03 7.937399999999999523e+01 2.234739999999999895e+02 3.759900000000000091e+02
1.025000000000000000e+03 1.143349999999999937e+02 2.355980000000000132e+02 3.757400000000000091e+02
1.032000000000000000e+03 1.353520000000000039e+02 2.234859999999999900e+02 3.754800000000000182e+02
1.031000000000000000e+03 1.213719999999999999e+02 2.234879999999999995e+02 3.755699999999999932e+02
1.030000000000000000e+03 1.073569999999999993e+02 2.234619999999999891e+02 3.757699999999999818e+02
1.029000000000000000e+03 9.334300000000000352e+01 2.234879999999999995e+02 3.758700000000000045e+02
1.052000000000000000e+03 -3.099099999999999966e+01 1.220750000000000028e+02 3.766000000000000227e+02
1.051000000000000000e+03 4.601599999999999824e+01 1.342210000000000036e+02 3.759200000000000159e+02
1.050000000000000000e+03 3.200900000000000034e+01 1.341839999999999975e+02 3.760500000000000114e+02
1.049000000000000000e+03 1.798999999999999844e+01 1.341819999999999879e+02 3.761499999999999773e+02
1.056000000000000000e+03 3.901400000000000290e+01 1.220900000000000034e+02 3.759499999999999886e+02
1.055000000000000000e+03 2.501500000000000057e+01 1.220550000000000068e+02 3.760899999999999750e+02
1.054000000000000000e+03 -2.971999999999999975e+00 1.220580000000000069e+02 3.763199999999999932e+02
1.053000000000000000e+03 -1.698900000000000077e+01 1.220699999999999932e+02 3.764599999999999795e+02
1.060000000000000000e+03 3.995999999999999996e+00 1.099509999999999934e+02 3.762200000000000273e+02
1.059000000000000000e+03 -9.980000000000000426e+00 1.099440000000000026e+02 3.763299999999999841e+02
1.058000000000000000e+03 -2.399399999999999977e+01 1.099369999999999976e+02 3.764900000000000091e+02
1.057000000000000000e+03 5.301899999999999835e+01 1.220520000000000067e+02 3.758100000000000023e+02
1.064000000000000000e+03 -1.698699999999999832e+01 9.781000000000000227e+01 3.763600000000000136e+02
1.063000000000000000e+03 4.602199999999999847e+01 1.099489999999999981e+02 3.758100000000000023e+02
1.062000000000000000e+03 3.202400000000000091e+01 1.099440000000000026e+02 3.759599999999999795e+02
1.061000000000000000e+03 1.802499999999999858e+01 1.099590000000000032e+02 3.760699999999999932e+02
