108.530 -139.623 -00.002
-52.521 079.504 -00.001
067.124 -52.785 -00.001
-117.060 -48.880 -00.001
028.631 009.354 -00.000
-18.740 162.163 -00.002
-16.483 061.176 -00.000
-06.780 -37.764 -00.000
097.964 058.366 -00.001
-131.934 047.419 -00.002
-86.859 048.782 -00.001
142.423 122.043 -00.003
-01.233 -92.083 -00.001
032.697 -67.986 -00.000
-39.189 013.689 -00.000
-182.515 003.823 -00.003
035.263 080.438 -00.001
137.889 063.996 -00.002
-41.664 -44.988 -00.000
045.760 -21.478 -00.000
146.318 014.848 -00.002
170.446 -49.321 -00.002
071.111 -96.977 -00.001
-43.783 128.792 -00.001
094.892 133.434 -00.002
-82.038 153.867 -00.002
009.504 115.780 -00.001
025.639 -160.943 -00.002
-45.999 -106.209 -00.001
062.045 111.246 -00.001
098.420 -74.341 -00.001
063.437 168.208 -00.003
-58.634 -149.430 -00.002
177.396 061.540 -00.003
-76.111 -65.479 -00.001
-130.033 -106.013 -00.002
070.803 006.749 -00.000
-108.839 -02.056 -00.001
065.315 -164.241 -00.002
-181.214 054.114 -00.003
-75.336 015.057 -00.000
186.840 025.596 -00.003
-184.443 -57.974 -00.003
051.616 037.710 -00.000
-60.791 -186.205 -00.003
-157.335 094.826 -00.003
144.349 -114.451 -00.003
-160.017 -24.736 -00.002
011.681 192.784 -00.003
175.823 -94.409 -00.003
032.250 144.435 -00.002
-19.992 -138.275 -00.002
-109.725 099.414 -00.002
105.578 023.183 -00.001
198.600 -15.074 -00.003
-149.379 -76.616 -00.002
039.119 -117.058 -00.001
-90.297 -122.373 -00.002
-02.973 026.604 -00.000
123.313 -36.122 -00.001
-126.106 -147.937 -00.003
-95.934 -168.348 -00.003
-75.972 -26.336 -00.001
-119.577 146.271 -00.003
-52.561 187.334 -00.003
-08.182 -191.717 -00.003
-144.370 007.686 -00.002
098.939 172.717 -00.003
111.504 099.367 -00.002
-22.150 100.575 -00.001
141.237 -76.792 -00.002
170.229 100.075 -00.003
038.562 -195.756 -00.003
-166.637 -107.253 -00.003
089.195 -24.256 -00.001
193.478 -161.068 -00.005
198.687 -197.936 -00.006
-187.708 234.933 -00.007
132.547 -205.251 -00.005
-280.282 096.809 -00.007
079.331 -290.462 -00.007
-131.911 -215.327 -00.005
281.774 139.012 -00.008
-163.863 -191.046 -00.005
199.915 174.757 -00.006
-84.660 -239.693 -00.005
-229.318 -82.368 -00.005
054.657 -246.913 -00.005
-146.500 206.656 -00.005
-289.765 055.284 -00.007
-164.578 -237.591 -00.007
-267.873 018.132 -00.006
-119.171 282.458 -00.007
279.054 -125.359 -00.007
-227.392 061.260 -00.004
-255.916 160.099 -00.007
094.267 221.488 -00.005
263.847 048.990 -00.006
118.172 -256.739 -00.006
115.349 -174.548 -00.003
-63.746 277.445 -00.006
-102.299 217.089 -00.005
243.226 -102.388 -00.005
167.914 240.284 -00.007
-42.709 231.218 -00.004
-231.351 194.543 -00.007
242.176 095.558 -00.005
-216.862 -36.835 -00.004
137.165 257.408 -00.007
053.983 261.606 -00.006
-181.489 -139.934 -00.004
010.508 -246.633 -00.005
-107.554 -273.381 -00.007
-219.003 145.278 -00.005
-276.270 -117.038 -00.007
-161.501 130.967 -00.003
157.103 -166.309 -00.004
-20.480 300.063 -00.007
224.053 145.926 -00.006
212.865 -69.621 -00.004
-231.429 109.127 -00.005
012.835 263.161 -00.005
177.149 143.539 -00.004
281.015 -10.734 -00.006
-200.546 -201.012 -00.006
246.326 -160.458 -00.007
-241.663 -198.147 -00.008
-214.235 -167.753 -00.006
-271.082 -76.477 -00.006
-40.133 -273.446 -00.006
225.115 063.038 -00.004
169.111 -221.559 -00.006
236.034 195.739 -00.007
092.189 274.580 -00.007
-278.857 -39.157 -00.006
305.340 -68.050 -00.008
-180.390 189.627 -00.005
026.057 311.807 -00.008
-131.816 240.443 -00.006
-215.767 -130.115 -00.005
235.758 -200.939 -00.008
-20.708 -230.488 -00.004
169.598 -256.924 -00.007
295.709 031.680 -00.007
219.356 -131.222 -00.005
172.915 203.789 -00.006
250.068 009.786 -00.005
-04.046 228.237 -00.004
202.531 222.854 -00.007
205.740 108.570 -00.004
-309.568 023.429 -00.008
-319.814 -86.415 -00.009
416.505 -62.961 -00.014
-383.269 -119.153 -00.013
064.313 392.522 -00.012
086.886 -367.297 -00.011
-168.175 -346.146 -00.012
-40.878 -354.512 -00.010
388.875 -143.112 -00.013
-342.846 -186.942 -00.012
-41.984 416.189 -00.014
-256.375 222.575 -00.009
319.334 -225.005 -00.012
208.904 -330.864 -00.012
414.012 014.879 -00.013
089.834 366.452 -00.011
147.428 -290.844 -00.008
-334.583 110.215 -00.010
330.918 -132.867 -00.010
-346.643 148.737 -00.011
173.514 -314.363 -00.010
136.413 -336.922 -00.010
010.846 -420.055 -00.014
268.195 -243.095 -00.010
-173.076 358.309 -00.012
-309.989 200.663 -00.011
-101.052 -362.500 -00.011
-323.047 -17.168 -00.008
002.495 372.985 -00.011
323.747 134.171 -00.010
328.984 064.322 -00.009
-304.958 141.873 -00.009
230.131 349.563 -00.014
-211.608 -355.047 -00.013
-255.232 -234.875 -00.009
-327.940 061.687 -00.009
342.779 -87.787 -00.010
376.672 002.152 -00.011
357.459 146.813 -00.012
402.929 064.404 -00.013
042.379 -333.682 -00.009
-295.434 -272.605 -00.013
-73.301 394.923 -00.013
-214.671 -292.738 -00.010
208.150 321.638 -00.012
259.935 264.457 -00.011
009.365 -320.816 -00.008
378.271 -57.353 -00.011
-336.773 237.634 -00.013
250.006 -61.905 -00.005
-103.537 -409.959 -00.014
-73.406 -320.337 -00.009
-408.713 003.282 -00.013
084.072 -403.310 -00.013
-354.861 015.100 -00.010
092.145 -328.760 -00.009
150.310 419.536 -00.016
109.052 433.802 -00.016
155.608 366.559 -00.012
120.673 346.426 -00.011
121.498 393.585 -00.013
185.543 389.276 -00.015
-433.594 -77.327 -00.015
-363.099 -79.288 -00.011
-421.775 -31.879 -00.014
-438.990 -125.400 -00.016
-466.459 -97.688 -00.018
-391.185 -54.608 -00.012
318.396 -343.023 -00.017
282.420 -324.970 -00.015
286.467 -276.530 -00.012
250.399 -343.673 -00.014
310.494 -303.295 -00.015
241.482 -306.468 -00.012
-167.212 503.623 -00.022
-200.796 532.608 -00.025
-169.897 549.447 -00.026
-230.145 553.649 -00.028
-144.466 578.454 -00.028
-202.308 608.646 -00.032
-682.702 405.766 -00.049
-726.457 439.542 -00.057
-613.807 453.267 -00.046
-672.355 454.464 -00.052
-715.961 485.017 -00.059
-644.609 489.688 -00.051
-1133.077 -113.426 -00.102
-1097.169 -110.414 -00.095
-1179.954 -75.142 -00.110
-1104.818 -68.379 -00.096
-1141.273 -65.177 -00.102
-1132.011 -28.327 -00.100
-1232.796 -1063.127 -00.208
-1192.726 -1054.101 -00.199
-1188.445 -1012.816 -00.191
-1148.614 -1005.015 -00.183
-1245.904 -995.076 -00.200
-1213.929 -954.422 -00.187
-427.317 -475.130 -00.032
-372.701 -471.842 -00.028
-337.142 -464.436 -00.026
-393.996 -443.727 -00.028
-358.327 -433.537 -00.025
-417.916 -398.642 -00.026
-24.186 -845.976 -00.056
-101.873 -845.511 -00.057
-66.971 -829.932 -00.055
-101.943 -810.045 -00.052
-24.852 -795.288 -00.050
-70.500 -783.005 -00.049
663.421 -978.060 -00.110
624.066 -977.612 -00.106
580.795 -958.092 -00.099
639.794 -945.627 -00.102
589.764 -915.157 -00.093
643.296 -894.928 -00.095
1478.523 -595.701 -00.199
1464.629 -561.821 -00.193
1499.205 -553.689 -00.200
1431.699 -525.692 -00.182
1497.579 -514.421 -00.197
1458.544 -483.677 -00.185
588.020 -158.391 -00.029
550.850 -132.509 -00.025
513.332 -125.621 -00.022
587.206 -123.362 -00.028
561.718 -80.829 -00.025
600.023 -72.657 -00.029
759.029 313.266 -00.053
698.525 327.290 -00.047
732.337 341.536 -00.051
675.104 367.940 -00.046
766.559 376.958 -00.057
736.805 407.458 -00.056
549.089 964.376 -00.097
515.038 1007.621 -00.101
461.022 1015.856 -00.098
563.487 1021.335 -00.107
480.063 1051.067 -00.105
524.883 1061.357 -00.110
-256.848 1501.471 -00.183
-309.117 1509.224 -00.187
-226.991 1528.750 -00.188
-274.607 1548.556 -00.195
-254.732 1581.176 -00.202
-310.789 1582.705 -00.205
-566.508 -2130.285 -00.383
-510.598 -2098.783 -00.367
-569.770 -2092.388 -00.370
-612.124 -2079.160 -00.370
-534.674 -2055.831 -00.355
-563.819 -2021.834 -00.347
728.419 -2773.761 -00.647
768.704 -2758.953 -00.646
721.534 -2718.297 -00.623
781.579 -2707.274 -00.625
681.768 -2699.262 -00.610
757.985 -2674.873 -00.608
2606.051 -2653.773 -01.087
2641.687 -2640.483 -01.096
2571.715 -2633.066 -01.064
2673.725 -2623.212 -01.102
2604.564 -2586.570 -01.058
2639.207 -2568.865 -01.065
4694.501 -1288.817 -01.857
4746.736 -1268.487 -01.892
4650.645 -1260.977 -01.819
4731.245 -1225.783 -01.872
4694.814 -1222.780 -01.844
4646.327 -1215.711 -01.808
6131.007 1604.081 -03.147
6167.930 1634.962 -03.191
6127.998 1652.791 -03.157
6199.468 1674.878 -03.232
6167.489 1690.187 -03.205
6121.146 1690.352 -03.160
-1523.307 1462.138 -00.350
-1530.521 1509.513 -00.363
-1467.626 1529.949 -00.353
-1569.628 1533.729 -00.378
-1506.891 1540.064 -00.365
-1548.653 1565.149 -00.381
-2735.024 689.425 -00.623
-2683.504 690.500 -00.602
-2708.743 715.928 -00.615
-2665.988 744.997 -00.600
-2750.993 748.175 -00.637
-2704.478 765.888 -00.619
-3558.729 -1000.543 -01.071
-3605.667 -970.941 -01.093
-3523.062 -964.469 -01.046
-3558.407 -941.495 -01.062
-3534.160 -911.260 -01.044
-3599.662 -905.245 -01.080
-3456.158 -3476.877 -01.888
-3417.984 -3474.517 -01.866
-3383.377 -3438.425 -01.828
-3414.550 -3421.405 -01.835
-3452.499 -3409.242 -01.849
-3422.752 -3375.622 -01.815
-1646.190 -6206.936 -03.246
-1694.236 -6189.203 -03.242
-1647.319 -6162.891 -03.204
-1703.194 -6149.691 -03.206
-1602.936 -6126.878 -03.158
-1680.563 -6117.504 -03.169
2053.192 506.615 -00.350
2095.704 515.879 -00.365
2030.977 541.037 -00.346
2070.747 556.241 -00.360
2121.981 576.647 -00.379
2065.613 591.874 -00.362
1977.354 1957.547 -00.608
2033.721 1959.995 -00.627
1995.683 1988.412 -00.623
1957.224 1991.216 -00.612
2035.546 1995.437 -00.638
2003.078 2034.449 -00.640
947.079 3535.913 -01.055
907.741 3548.475 -01.056
981.219 3548.668 -01.067
1008.100 3573.520 -01.085
970.800 3587.595 -01.087
935.161 3600.220 -01.089
-1283.406 4638.582 -01.824
-1209.645 4663.341 -01.827
-1302.245 4669.076 -01.850
-1259.065 4684.651 -01.853
-1292.701 4705.740 -01.875
-1229.650 4718.702 -01.872
-4485.128 4455.364 -03.139
-4458.505 4485.032 -03.141
-4537.510 4490.881 -03.201
-4495.954 4502.078 -03.180
-4472.308 4538.107 -03.189
-4526.698 4541.464 -03.229
6985.464 -4106.330 -05.150
6946.804 -4087.891 -05.096
7042.621 -4083.171 -05.198
6988.079 -4050.179 -05.117
6958.690 -4016.156 -05.063
7031.153 -4011.427 -05.140
9909.623 -3778.494 -08.817
9855.366 -3769.515 -08.728
9878.296 -3729.290 -08.739
9954.648 -3723.552 -08.854
9857.699 -3697.346 -08.689
9924.224 -3688.307 -08.787
10208.034 -9100.004 -14.684
10165.401 -9069.045 -14.572
10109.109 -9062.048 -14.473
10200.261 -9043.531 -14.591
10162.277 -9025.988 -14.506
10121.915 -9024.424 -14.439
17462.174 -667.961 -23.922
17380.753 -664.849 -23.699
17424.726 -654.142 -23.818
17382.974 -625.216 -23.701
17448.153 -621.177 -23.878
17418.121 -599.832 -23.794
22650.098 2826.851 -40.817
22595.927 2866.794 -40.643
22631.869 2869.950 -40.772
22690.384 2884.457 -40.986
22619.116 2917.000 -40.748
22679.745 2918.224 -40.964
25021.582 14092.029 -64.684
24994.801 14117.984 -64.637
25061.023 14137.280 -64.939
24996.581 14157.479 -64.732
25035.128 14163.310 -64.896
24953.310 14164.017 -64.577
33480.795 14822.532 -105.115
33437.058 14840.183 -104.927
33541.558 14848.818 -105.495
33457.713 14874.871 -105.116
33496.319 14885.441 -105.343
33458.705 14911.616 -105.207
-7053.910 -4315.425 -05.364
-7036.211 -4278.994 -05.320
-6997.097 -4275.535 -05.275
-7068.769 -4259.146 -05.343
-7030.723 -4228.888 -05.281
-7079.653 -4221.783 -05.330
-9697.266 -8271.811 -12.755
-9659.724 -8269.278 -12.695
-9640.098 -8235.667 -12.621
-9756.358 -8234.051 -12.796
-9706.625 -8219.571 -12.701
-9708.481 -8183.080 -12.657
-14175.613 -4528.098 -17.356
-14227.526 -4512.788 -17.461
-14265.435 -4498.399 -17.535
-14200.623 -4487.288 -17.383
-14224.464 -4452.203 -17.411
-14186.059 -4438.853 -17.316
-10903.023 -13864.492 -24.451
-10937.746 -13858.141 -24.496
-10901.548 -13825.764 -24.364
-10955.912 -13808.741 -24.420
-10867.721 -13795.501 -24.240
-10924.854 -13792.073 -24.330
-9131.285 -20839.510 -40.733
-9158.184 -20809.953 -40.675
-9112.360 -20796.674 -40.566
-9075.904 -20784.840 -40.475
-9164.177 -20770.796 -40.555
-9114.656 -20737.071 -40.374
-2912.187 -26520.442 -56.055
-2955.953 -26489.540 -55.946
-2913.147 -26485.200 -55.908
-2871.366 -26469.510 -55.824
-2968.649 -26456.855 -55.816
-2914.154 -26424.133 -55.654
-3914.876 -33578.949 -90.000
-3962.978 -33564.183 -89.951
-3875.988 -33554.430 -89.846
-3930.149 -33536.098 -89.783
-3976.394 -33528.958 -89.773
-3905.280 -33511.324 -89.636
-152.849 8162.409 -05.249
-188.085 8178.089 -05.270
-223.619 8184.153 -05.279
-147.070 8203.801 -05.302
-182.733 8216.984 -05.320
-210.787 8244.937 -05.357
4053.298 11385.060 -11.495
4017.670 11401.424 -11.502
4057.758 11424.672 -11.569
4023.941 11437.320 -11.571
4095.526 11442.540 -11.626
4048.961 11483.439 -11.670
-3960.850 12377.831 -13.295
-3881.641 12384.978 -13.260
-3926.865 12404.472 -13.326
-3889.847 12437.725 -13.368
-3978.115 12440.932 -13.429
-3924.509 12445.288 -13.405
-8404.323 15476.956 -24.398
-8363.879 15487.788 -24.371
-8426.181 15506.747 -24.499
-8385.077 15528.270 -24.498
-8423.285 15551.314 -24.605
-8381.907 15565.419 -24.585
-13864.756 18042.763 -40.697
-13833.583 18059.565 -40.677
-13862.718 18091.264 -40.830
-13900.273 18093.886 -40.919
-13838.892 18125.904 -40.877
-13894.775 18136.615 -41.029
-21826.859 13228.782 -51.102
-21774.798 13244.743 -50.958
-21859.299 13267.481 -51.294
-21818.400 13275.287 -51.170
-21786.791 13291.462 -51.096
-21856.829 13312.998 -51.381
-31077.894 24710.320 -123.748
-31010.739 24734.937 -123.518
-31067.174 24754.282 -123.867
-31020.542 24772.560 -123.712
-31102.892 24777.961 -124.134
-31064.413 24794.376 -124.010
